1111,11140
1112,11127
1113,11135
1114,11197
1115,11117
1116,11136
1117,11137
1118,11157
1119,11185
11110,11177
11111,11199
11112,1113
11113,11140
11114,11189
11115,1115
11116,11141
11117,11192
11118,11126
11119,1118
11120,11181
11121,11118
11122,1118
11123,11142
11124,11112
11125,11150
11126,11167
11127,11191
11128,11153
11129,11127
11130,11189
11131,11186
11132,11151
11133,11122
11134,11137
11135,1119
11136,1113
11137,11158
11138,11137
11139,11130
11140,11157
11141,11186
11142,11112
11143,11142
11144,11112
11145,11197
11146,1118
11147,11168
11148,11154
11149,11115
11150,11184
11151,1111
11152,11165
11153,1116
11154,11166
11155,11147
11156,11153
11157,11116
11158,11185
11159,11180
11160,11131
11161,11138
11162,11141
11163,1117
11164,11195
11165,11126
11166,11130
11167,11168
11168,11198
11169,11197
11170,11155
11171,11167
11172,11156
11173,11118
11174,11168
11175,111100
11176,11171
11177,11116
11178,11191
11179,11113
11180,11127
11181,11133
11182,11194
11183,11159
11184,11167
11185,11144
11186,11164
11187,11177
11188,11165
11189,11133
11190,11137
11191,11137
11192,11170
11193,11113
11194,11144
11195,11128
11196,11111
11197,11157
11198,11154
11199,1112
111100,1111
