11180,421543138216853358,420699202212399638
11110,418855289215880901,419860253214413051
11178,420763297213507035,418289837216416505
11132,420795616211181896,419793766215242002
11142,420113979213593231,41908733215916701
11196,419982672214773866,421476124212955222
11164,419783962214555752,421018401213296612
11171,419959856214934464,420054072214693971
11158,420098755214750435,419888799216514438
11114,419896281214440263,420088715213243
11144,420059624214879154,41989809214442552
11145,418554531216187149,419442898215281059
11135,419786319214569891,419758499214597199
11126,41998304221472633,42133873521731742
11154,420768445212319359,419982957214709264
11149,419843712214419176,41983319214439216
11131,41978491214548761,419753829215333266
11125,419794299214514782,418549979216187364
11150,419788703214570347,419750941215351448
11183,421175417217519056,420226412214597102
11170,421175417217519056,420903879217907907
11198,420069677214768063,419979256214709461
11123,419745802214626213,41993605216500786
11179,419974896214644208,419769254215298883
11195,419782513215258228,419782489214557106
11141,41983107214443692,419428072215306477
11174,421337211213065968,419838658215088252
11120,4202297214595538,419700633215440403
11116,419770057214586779,420801575211184095
11177,419816652214486514,421406573216904204
11124,419969274214544652,421042084211814408
11167,420919474212018021,421482797216696466
11111,421015206211509522,420225974214597098
11137,4214631921669953,420049566214908393
11181,418048325216766038,419797927214535826
11199,418708254216080604,419307785215492699
11156,4199834272148646,419135158215820904
1119,419780351214578424,421324385216841445
11133,421309604216843911,419738413215375363
1113,419719367215389353,419422706215313899
11140,420045873214929219,419724144215368388
11130,421355812216849528,420260766214533203
1112,421272375217378042,419638066214826413
1114,41992724214474991,420069624214833222
11148,41893449215964914,41970441921470931
11162,41977259214582494,419987758215705752
11121,419847665214416236,419146654215788718
1118,419768056215024158,421318036216845726
11136,419652399214920271,420943502217971061
11138,419950301215562706,420118615213651587
11122,421460876216760431,418266609216482738
11117,420174319214608896,42088849321132394
1116,421539404216724087,418706907216087556
11176,419921249214479455,418166592216687796
11163,419836549214432735,420096256214631455
11189,41996319214927985,42122316217455438
11143,41974737215459042,419984676214775483
11169,420928913211998213,41972382921536811
11193,42065970821358516,419686849214572985
11186,420664112213585203,419985382214825306
11159,41886172821587798,420074252214754418
11152,421452742216709757,419847901215118476
11151,419966101214528008,419785229214572774
11127,41978188421455976,418641472216149537
11197,41836973221632538,420539707216807312
11134,421036228217666182,419799828214513084
11128,420806975212249386,418151311216685577
11175,419742026215371684,419958992214512433
11166,419980873214876585,421180241217510233
1115,419638066214826413,420115521214782091
1111,419780461215261507,41975125214612904
11146,419727107215380999,419985382214825306
11113,419920879214476264,419653304214799875
111100,42082795921688117,418509836216217276
1117,420889856217842916,419922893215046459
11157,419767997215295535,421286927217354715
11119,419651966214921991,419796372214550204
11165,421460876216760431,42143962221672537
11185,420725829212372479,419823148214461785
11153,42172599221664815,420972434216904185
11160,420763576211171654,42054407721254761
11194,419613404214855424,420195581214577728
11192,419107182215881243,420925608216901263
11168,419719551215385125,419792591215235503
11173,419823148214462913,4198459432144174
11147,42131828221308388,419905924215098593
11155,419767611215294798,419886295216490857
11184,420696435211151272,41823939721675154
11191,41994646216510746,4196124262148596
11112,419799461214505965,421008127211395994
11118,421468252217192122,421544115216729735
11172,419958137216508551,420945632211323019
11190,420111101214627105,419658673214796831
11129,419173043215716644,41998318214878371
11139,420094821476239,419703422214712135
11161,419896281214440263,421951669216923704
11115,420882513211310878,418235059216746042
11187,420710565211163702,419772587214577102
11182,419824277214461551,419686204214631576
11188,42068139421242847,420050657214905036
