2221,22272
2222,22244
2223,22272
2224,22280
2225,22219
2226,22225
2227,22260
2228,22229
2229,22213
22210,22246
22211,22277
22212,22264
22213,22211
22214,22283
22215,22276
22216,22263
22217,22251
22218,2223
22219,22224
22220,22221
22221,22277
22222,2223
22223,22277
22224,22269
22225,22269
22226,22290
22227,22278
22228,22271
22229,2224
22230,22216
22231,22220
22232,22291
22233,22274
22234,22266
22235,22226
22236,22228
22237,22290
22238,22256
22239,22252
22240,22251
22241,22275
22242,22295
22243,22278
22244,22275
22245,22260
22246,22281
22247,22294
22248,22281
22249,22287
22250,22216
22251,22222
22252,22252
22253,22284
22254,22270
22255,22241
22256,22225
22257,22271
22258,22253
22259,22216
22260,22241
22261,22237
22262,22241
22263,22280
22264,22294
22265,22271
22266,22239
22267,22252
22268,22240
22269,22283
22270,22287
22271,22229
22272,22235
22273,22218
22274,222100
22275,22295
22276,22283
22277,22293
22278,22260
22279,22213
22280,22230
22281,22221
22282,22287
22283,22217
22284,22237
22285,22215
22286,2227
22287,2225
22288,22250
22289,22264
22290,22216
22291,22217
22292,22244
22293,22237
22294,22243
22295,22274
22296,22270
22297,2224
22298,22259
22299,22239
222100,22229
