22236,448098804204089023,448710753206677767
22247,448879472206430688,448055912204696719
22267,44774687720437648,448541868206538592
22291,44601161220532556,447742246204369413
22275,44786058204221162,447757136204751359
22279,447377354203736841,448196633204504314
2227,449790423206701907,447278208203594114
22285,447351875204307135,448327418206631741
22214,448034203203882441,448047667204618695
22255,447047766204476837,44804508204033814
2223,448241859204643337,448118158204538899
2224,448438375203516968,448160669204610694
22253,44645418820533122,447448212204415374
22274,44826557204677352,44873505920538642
22218,44823545204655579,449017297205620953
22271,447443058204410432,447347994203544571
22264,446885987204665305,446916458204619557
22297,448241874204631689,448088736204687961
22254,447843422204235796,447728655204371532
22286,448556769206587418,447943078204504812
22282,448070737204553268,447399922203763591
22250,447684605204795976,447994889204659183
22230,448394438203588698,447032724204490301
22225,447646783204450137,448222763204850153
22277,448401182203578743,449805383201418568
2228,448316313206694018,447376268203777611
22227,448339242206721471,448287506204613554
22244,447896516204246757,447434031204413116
222100,44714714420518249,447294774203457007
22221,447298008204330615,447367218203710449
22220,448350393203784439,449898151201346121
22217,44791376204599791,447399702203854161
22269,448032753203872965,448346524203869565
22228,446599331205762989,448757792206764517
22239,448393405203592858,448138822204716587
22258,447617446204841926,447942861204497625
22212,448110244204542749,447940889204532465
22243,447141271205159016,448854593202627602
22234,44892852202794046,449013998206884895
22262,447861775205167585,44815443204504184
22251,448288891204598592,447131564205542096
22289,44776597204365041,447714922202418843
22296,447085881205616408,447389281203827286
22270,448013536203799397,446568044204743837
22276,44768782620413728,446292721205784178
22278,447446775203872294,44882866202970974
22245,448377435206907186,44792515204279626
22235,448286518204614057,448046866204771786
22226,447328272203641623,446221124204373744
22284,4481956982047769,448060766204788183
22281,44794010320433626,448065731204188261
22238,448041111203926945,448120971204384943
22280,447615378204842436,447400978204339351
22295,448378575206678801,44834652206931072
2225,44888285620289046,447497341203848833
22265,448140063204904057,44740683920430776
22241,447763107204368034,44667499201584509
22240,448153128204706175,447990472204906547
22261,448941467202798824,446552361204705267
22211,447613752204842226,447976275203712007
22263,447568392204775788,448300269202445265
22266,447390372203769789,446492036205754054
22260,447927714203747439,44808001204136812
2226,447940391204338425,447967776204438601
22273,446681323204952045,447934092204530567
22252,447382365203768733,448144155204345665
22233,447924006204554835,44789071204237929
22299,447864823204310991,448165193204691353
22293,448873801206428737,448553475206523422
22210,44748722203922748,44739691220379567
22224,446779128204879267,447089143205613779
22283,448047714204621505,449839443201394278
22256,447840301204358739,446401021205812764
22294,447911486204630662,44605869620154831
22222,448281245204631893,447401027203772898
22229,448099699204156738,448062412204189195
22246,448196047204504388,447619414204835407
22237,447435138203871274,4468414220581064
22248,447891614204285417,44747196204432824
22216,448519839206445402,448483743206558704
2221,448108908204741086,44739013203835045
22259,448197497204491337,447838758204235785
22231,447917459204639803,447866726204229689
2222,448236462204459184,447400903203781742
22288,44820404620465376,447460113203889003
22287,44883146206557298,447394577203790137
22257,448383043206570766,447926812204516395
22290,448045038203991419,44822383204649685
22268,448798277206594985,447384058204379615
22219,448366461206640869,448470336206563988
22292,447945302204313061,447924422204566126
22298,448448617206651318,448359415206925117
22223,447974527204945606,447386556203786462
22272,44757015204828806,447123929204444261
22213,44820518204490845,448161212203978348
22232,44730678520359757,448475775206560501
22249,448808796206577975,447931774203744687
22242,44664582920155684,447384282204378702
22215,446692977201602741,447309951204317117
2229,447442999204406598,448369331203718091
